40 30
15 14
30  30  30  30  30  30  30  30  30  30  30  30  30  30  30  30  30  30  30  30  30  30  30  30  30  30  30  30  30  30  30  30  30  30  30  30  30  30  30  30
30  10  10  20  22  20  33  54  50  50  50  50  50  50  50  50  50  50  50  50  50  55  33  20  22  20  10  10  10  10  10  10  10  10  10  10  10  10  10  30
30  10  10  20  22  20  33  56  57  57  57  57  57  57  57  57  57  57  57  57  57  58  33  20  22  20  10  10  10  10  10  10  10  10  10  10  10  10  10  30
30  10  10  20  22  20  33  33  33  33  33  33  33  33  33  33  33  33  33  33  33  33  33  20  22  20  10  10  10  10  61  62  62  62  62  63  10  10  10  30
30  10  10  20  22  20  20  20  20  20  20  20  20  20  20  20  20  20  20  20  20  20  20  20  22  20  10  10  10  10  64  60  60  60  60  65  10  10  10  30
30  10  10  20  20  21  21  21  21  21  21  21  21  21  21  21  21  21  21  21  21  21  21  21  20  20  10  10  10  10  64  60  60  60  60  65  10  10  10  30
30  10  10  20  22  20  20  20  20  20  20  20  20  20  20  20  20  20  20  20  20  20  20  20  22  20  10  10  10  10  64  60  60  60  60  65  10  10  10  30
30  10  10  20  22  20  33  33  33  33  33  33  33  33  33  33  33  33  33  33  33  33  33  20  22  20  10  10  10  10  64  60  60  60  60  65  10  10  10  30
30  10  10  20  22  20  33  51  52  52  52  52  52  53  33  51  52  52  52  52  52  53  33  20  22  20  10  10  10  10  64  60  60  60  60  65  10  10  10  30
30  10  10  20  22  20  33  54  50  50  50  50  50  55  33  54  50  50  50  50  50  55  33  20  22  20  10  10  10  10  66  67  67  67  67  68  10  10  10  30
30  10  10  20  22  20  33  56  57  57  57  57  57  58  33  56  57  57  57  57  57  58  33  20  22  20  10  10  10  10  10  10  41  42  42  42  42  42  42  30
30  10  10  20  22  20  33  33  33  33  33  33  33  33  33  33  33  33  33  33  33  33  33  20  22  20  10  10  10  10  10  10  44  40  40  40  40  40  40  30
30  10  10  20  22  20  20  20  20  20  20  20  20  20  20  20  20  20  20  20  20  20  20  20  22  20  10  10  10  10  10  10  44  40  40  40  40  40  40  30
30  10  10  20  20  21  21  21  21  21  21  21  21  21  21  21  21  21  21  21  21  21  21  21  20  20  10  10  10  10  10  10  44  40  40  40  40  40  40  30
30  10  10  20  22  20  20  20  20  20  20  20  20  20  20  20  20  20  20  20  20  20  20  20  22  20  10  10  10  10  10  10  46  47  47  47  47  47  47  30
30  10  10  20  22  20  33  33  33  33  33  33  33  33  33  33  33  33  33  33  33  33  33  20  22  20  10  10  10  10  10  10  10  10  10  10  10  10  10  30
30  10  10  20  22  20  33  51  52  52  53  33  51  52  52  52  53  33  51  52  52  53  33  20  22  20  10  10  10  10  10  10  10  10  10  10  10  10  10  30
30  10  10  20  22  20  33  54  50  50  55  33  54  50  50  50  55  33  54  50  50  55  33  20  22  20  10  10  10  10  41  42  42  42  42  42  42  43  10  30
30  10  10  20  22  20  33  56  57  57  58  33  56  57  57  57  58  33  56  57  57  58  33  20  22  20  10  10  10  10  44  40  40  40  40  40  40  45  10  30
30  10  10  20  22  20  33  33  33  33  33  33  33  33  33  33  33  33  33  33  33  33  33  20  22  20  10  10  10  10  44  40  40  40  40  40  40  45  10  30
30  10  10  20  22  20  20  20  20  20  20  20  20  20  20  20  20  20  20  20  20  20  20  20  22  20  10  10  10  10  44  40  40  40  40  40  40  45  10  30
30  10  10  20  20  21  21  21  21  21  21  21  21  21  21  21  21  21  21  21  21  21  21  21  20  20  10  10  10  10  46  47  47  47  47  47  47  48  10  30
30  10  10  20  22  20  20  20  20  20  20  20  20  20  20  20  20  20  20  20  20  20  20  20  22  20  10  10  10  10  10  10  10  10  10  10  10  10  10  30
30  10  10  20  22  20  33  33  33  33  33  33  33  33  33  33  33  33  33  33  33  33  33  20  22  20  10  10  10  10  10  10  10  10  61  62  62  62  62  30
30  10  10  20  22  20  33  51  52  52  52  52  52  52  52  52  52  52  52  52  52  53  33  20  22  20  10  10  10  10  10  10  10  10  64  60  60  60  60  30
30  10  10  20  22  20  33  54  50  50  50  50  50  50  50  50  50  50  50  50  50  55  33  20  22  20  10  10  10  10  10  10  10  10  64  60  60  60  60  30
30  10  10  20  22  20  33  56  57  57  57  57  57  57  57  57  57  57  57  57  57  58  33  20  22  20  10  10  10  10  10  10  10  10  64  60  60  60  60  30
30  10  10  20  22  20  33  33  33  33  33  33  33  33  33  33  33  33  33  33  33  33  33  20  22  20  10  10  10  10  10  10  10  10  64  60  60  60  60  30
30  10  10  20  22  20  33  33  33  33  33  33  33  33  33  33  33  33  33  33  33  33  33  20  22  20  10  10  10  10  10  10  10  10  64  60  60  60  60  30
30  30  30  30  30  30  30  30  30  30  30  30  30  30  30  30  30  30  30  30  30  30  30  30  30  30  30  30  30  30  30  30  30  30  30  30  30  30  30  30
