40 30
15 14
30  30  30  30  30  30  30  30  30  30  30  30  30  30  30  30  30  30  30  30  30  30  30  30  30  30  30  30  30  30  30  30  30  30  30  30  30  30  30  30
30  11  13  20  22  20  33  54  50  50  50  50  50  50  50  50  50  50  50  50  50  55  33  20  22  20  33  11  12  12  12  12  12  12  12  12  12  12  13  30
30  14  15  20  22  20  33  56  57  57  57  57  57  57  57  57  57  57  57  57  57  58  33  20  22  20  33  14  10  10  10  10  10  10  10  10  10  10  15  30
30  14  15  20  22  20  33  33  33  33  33  33  33  33  33  33  33  33  33  33  33  33  33  20  22  20  33  14  10  10  10  10  10  10  10  10  10  10  15  30
30  14  15  20  22  20  20  20  20  20  20  20  20  20  20  20  20  20  20  20  20  20  20  20  22  20  33  14  10  10  10  10  10  10  10  10  10  10  15  30
30  14  15  20  20  21  21  21  21  21  21  21  21  21  21  21  21  21  21  21  21  21  21  21  20  20  33  14  10  10  10  10  10  10  10  10  10  10  15  30
30  14  15  20  22  20  20  20  20  20  20  20  20  20  20  20  20  20  20  20  20  20  20  20  22  20  33  14  10  10  10  10  10  10  10  10  10  10  15  30
30  14  15  20  22  20  33  33  33  33  33  33  33  33  33  33  33  33  33  33  33  33  33  20  22  20  33  14  10  10  10  10  10  10  10  10  10  10  15  30
30  14  15  20  22  20  33  51  52  52  52  52  52  53  33  51  52  52  52  52  52  53  33  20  22  20  33  14  10  10  10  10  10  10  10  10  10  10  15  30
30  14  15  20  22  20  33  54  50  50  50  50  50  55  33  54  50  50  50  50  50  55  33  20  22  20  33  14  10  10  10  10  10  10  10  10  10  10  15  30
30  14  15  20  22  20  33  56  57  57  57  57  57  58  33  56  57  57  57  57  57  58  33  20  22  20  33  14  10  10  10  10  10  10  10  10  10  10  15  30
30  14  15  20  22  20  33  33  33  33  33  33  33  33  33  33  33  33  33  33  33  33  33  20  22  20  33  14  10  10  10  10  10  61  33  63  10  10  15  30
30  14  15  20  22  20  20  20  20  20  20  20  20  20  20  20  20  20  20  20  20  20  20  20  22  20  33  14  10  10  10  10  61  60  33  60  63  10  15  30
30  14  15  20  20  21  21  21  21  21  21  21  21  21  21  21  21  21  21  21  21  21  21  21  20  20  33  14  10  10  10  61  60  60  33  60  60  63  15  30
30  14  15  20  22  20  20  20  20  20  20  20  20  20  20  20  20  20  20  20  20  20  20  20  22  20  33  14  10  10  10  33  33  33  33  33  33  33  15  30
30  14  15  20  22  20  33  33  33  33  33  33  33  33  33  33  33  33  33  33  33  33  33  20  22  20  33  14  10  10  10  66  60  60  33  60  60  68  15  30
30  14  15  20  22  20  33  51  52  52  53  33  51  52  52  52  53  33  51  52  52  53  33  20  22  20  33  14  10  10  10  10  66  60  33  60  68  10  15  30
30  14  15  20  22  20  33  54  50  50  55  33  54  50  50  50  55  33  54  50  50  55  33  20  22  20  33  14  10  10  10  10  10  66  33  68  10  10  15  30
30  14  15  20  22  20  33  56  57  57  58  33  56  57  57  57  58  33  56  57  57  58  33  20  22  20  33  14  10  10  10  10  10  10  10  10  10  10  15  30
30  14  15  20  22  20  33  33  33  33  33  33  33  33  33  33  33  33  33  33  33  33  33  20  22  20  33  14  10  10  10  10  10  10  10  10  10  10  15  30
30  14  15  20  22  20  20  20  20  20  20  20  20  20  20  20  20  20  20  20  20  20  20  20  22  20  33  14  10  10  10  10  10  10  10  10  10  10  15  30
30  14  15  20  20  21  21  21  21  21  21  21  21  21  21  21  21  21  21  21  21  21  21  21  20  20  33  14  10  10  10  10  10  10  10  10  10  10  15  30
30  16  18  20  22  20  20  20  20  20  20  20  20  20  20  20  20  20  20  20  20  20  20  20  22  20  33  14  10  10  10  10  10  10  10  10  10  10  15  30
30  33  33  20  22  20  33  33  33  33  33  33  33  33  33  33  33  33  33  33  33  33  33  20  22  20  33  14  10  10  10  10  10  10  10  10  10  10  15  30
30  51  53  20  22  20  33  51  52  52  52  52  52  53  33  51  52  52  52  52  52  53  33  20  22  20  33  14  10  10  10  10  10  10  10  10  10  10  15  30
30  54  55  20  22  20  33  54  50  50  50  50  50  55  33  54  50  50  50  50  50  55  33  20  22  20  33  14  10  10  10  10  10  10  10  10  10  10  15  30
30  56  58  20  22  20  33  56  57  57  57  57  57  58  33  56  57  57  57  57  57  58  33  20  22  20  33  14  10  10  10  10  10  10  10  10  10  10  15  30
30  33  33  20  22  20  33  33  33  33  33  33  33  33  33  33  33  33  33  33  33  33  33  20  22  20  33  14  10  10  10  10  10  10  10  10  10  10  15  30
30  33  33  20  22  20  33  33  33  33  33  33  33  33  33  33  33  33  33  33  33  33  33  20  22  20  33  16  17  17  17  17  17  17  17  17  17  17  18  30
30  30  30  30  30  30  30  30  30  30  30  30  30  30  30  30  30  30  30  30  30  30  30  30  30  30  30  30  30  30  30  30  30  30  30  30  30  30  30  30